=== New Data Set ===
Integers: 31 68 23 68 12 
Doubles: 37.88525591618838 71.20396535634909 20.082195282782735 9.454397223011245 19.850060489505207 

